10,202
10,200
10,190
10,96
10,106
10,116
10,138
10,208
9,4
9,6
45,5
45,4
45,3
45,2
45,1
45,0
27,4
27,3
27,2
27,1
25,3
25,2
25,1
24,3
24,1
20,3
20,2
20,1
19,3
19,2
19,1
12,3
12,2
12,1
11,30
11,29
11,28
11,27
11,26
11,25
11,24
11,23
11,22
11,21
11,20
11,19
11,18
11,17
11,16
11,15
11,14
11,13
11,12
11,11
11,10
11,9
11,8
11,7
11,6
11,4
11,3
18,1
11,2
11,1
10,311
10,281
18,3
10,249
10,241
10,211
14,1
10,191
14,3
10,185
13,1
10,155
13,3
10,147
10,117
10,111
10,93
10,23
10,5
10,3
10,2
10,1
9,7
9,5
9,3
9,2
9,1
8,18
8,17
8,15
8,12
8,11
8,10
8,9
8,7
8,6
8,5
8,3
8,2
8,1
3,3
3,2
